0.003683588049344922
0.003673305470477729
0.003625459761886210
0.003540487105195363
0.003419430210750051
0.003263912563324060
0.003076092864022604
0.002858602335637606
0.002614468516598569
0.002347029942796395
0.002059846661470013
0.001756611788218762
0.001441069258322596
0.001116942495006859
0.000787877894352932
0.000457405810500081
0.000128920154351159
-0.000194324121574149
-0.000509198357121113
-0.000812676978319353
-0.001101810073357799
-0.001373699271410700
-0.001625484943509121
-0.001854352368723740
-0.002057563158440624
-0.002232515908975095
-0.002376836882586319
-0.002488497751050842
-0.002565953442219630
-0.002608289362198443
-0.002615364216269455
-0.002587932790908403
-0.002527732769573796
-0.002437521167209083
-0.002321049311660225
-0.002182970273629317
-0.002028678820769899
-0.001864090721441789
-0.001695374794597251
-0.001528656698650236
-0.001369717340867356
-0.001223710402057355
-0.001094922493909309
-0.000986595893023558
-0.000900827948552981
-0.000838553760940750
-0.000799610427368581
-0.000782873017561143
-0.000786445450018305
-0.000807884419285503
-0.000844432069808584
-0.000893233486396741
-0.000951518180533336
-0.001016730156253891
-0.001086598117842669
-0.001159145032230520
-0.001232643622821640
-0.001305530560987237
-0.001376296434593767
-0.001443370577370393
-0.001505019419617978
-0.001559274362549860
-0.001603900746467469
-0.001636413929021372
-0.001654142559279202
-0.001654333561793276
-0.001634288764704310
-0.001591519974501183
-0.001523907857647878
-0.001429850249635063
-0.001308387283621643
-0.001159293662785491
-0.000983132043883142
-0.000781265374302356
-0.000555829682679744
-0.000309671897866675
-0.000046259512405475
0.000230429805472356
0.000516030207321158
0.000805913319125226
0.001095310749306444
0.001379428202648694
0.001653547688290700
0.001913116006166493
0.002153819180524837
0.002371643665639657
0.002562925922093695
0.002724392352424903
0.002853191637878530
0.002946921309498768
0.003003650007601440
0.003021936424462098
0.003000845464104032
0.002939961747759920
0.002839400276233528
0.002699813838433443
0.002522396615312068
0.002308883342862396
0.002061543333982357
0.001783168588112992
0.001477055123009597
0.001146976546573924
0.000797148771344848
0.000432184703131868
0.000057037766306902
-0.000323066675073753
-0.000702712522059828
-0.001076386615283956
-0.001438583783000362
-0.001783921005202678
-0.002107257142389301
-0.002403813386031559
-0.002669288469484862
-0.002899961920948589
-0.003092778424167540
-0.003245406821024836
-0.003356268520498219
-0.003424532058632342
-0.003450073168445368
-0.003433402746720490
-0.003375568236584902
-0.003278036812087153
-0.003142570970475864
-0.002971108364022471
-0.002765657681456033
-0.002528221001999316
-0.002260750343517043
-0.001965142339180673
-0.001643270495398087
-0.001297049820300554
-0.000928524339627956
-0.000539964693451452
-0.000133961098520627
0.000286503228339901
0.000718011466236220
0.001156715385902095
0.001598385707354882
0.002038510582329057
0.002472436629521788
0.002895541951317662
0.003303426703001535
0.003692104531140489
0.004058177804112869
0.004398981046963627
0.004712680154322489
0.004998319379581629
0.005255813237327997
0.005485885697634289
0.005689963801723950
0.005870036587396042
0.006028492627591292
0.006167950387912087
0.006291095020245088
0.006400533323036775
0.006498675739870717
0.006587650842211701
0.006669254177075984
0.006744930051346171
0.006815782090668133
0.006882606466271543
0.006945940624199324
0.007006120161750503
0.007063337063579384
0.007117693654849107
0.007169248134506553
0.007218049196142681
0.007264158826576963
0.007307663734247446
0.007348676894691337
0.007387331359078367
0.007423768756307424
0.007458124874701681
0.007490514410889279
0.007521016512108362
0.007549662207768676
0.007576424312007696
0.007601209949703429
0.007623855560321438
0.007644124089104873
0.007661704081577837
0.007676210531913724
0.007687187558070784
0.007694113234525782
0.007696407148908308
0.007693441404348219
0.007684555814363016
0.007669077894269785
0.007646347923788746
0.007615748844296307
0.007576740091644889
0.007528893708615002
0.007471930310995480
0.007405751797538147
0.007330467205614500
0.007246407927841644
0.007154128710220808
0.007054391508075613
0.006948130395925522
0.006836397269636800
0.006720289941653682
0.006600866252579467
0.006479049796988939
0.006355534551502702
0.006230696859544413
0.006104523658548983
0.005976565380141819
0.005845920548425840
0.005711256790689265
0.005570869919569572
0.005422779216305099
0.005264853397959453
0.005094958393233867
0.004911115388394495
0.004711655991544062
0.004495361051920903
0.004261570769922680
0.004010256185076730
0.003742045706135337
0.003458204674870880
0.003160570552796102
0.002851450661717863
0.002533492990166658
0.002209542981971617
0.001882500178125500
0.001555187996515964
0.001230247905901916
0.000910066057294975
0.000596736491513518
0.000292060839282603
-0.000002419525121019
-0.000285366174059030
-0.000555570680890610
-0.000811876557710277
-0.001053106346806169
-0.001278002772117278
-0.001485190636522110
-0.001673163413812779
-0.001840295598967461
-0.001984879191930850
-0.002105180477469392
-0.002199511710654594
-0.002266311501004386
-0.002304227582925895
-0.002312196157083004
-0.002289512922590489
-0.002235892106032313
-0.002151511049541611
-0.002037039096818347
-0.001893650509372810
-0.001723021903298823
-0.001527315215023514
-0.001309147515323040
-0.001071549149455691
-0.000817911749617837
-0.000551927699751929
-0.000277522671757646
0.000001217084525690
0.000280120928991047
0.000555011636740251
0.000821782892749012
0.001076474530579554
0.001315343630538978
0.001534929744839236
0.001732112762415580
0.001904162251811658
0.002048777502936818
0.002164117895460897
0.002248823617532937
0.002302027109012595
0.002323355879546069
0.002312927533319543
0.002271337909508203
0.002199643221874505
0.002099336964888649
0.001972322168512198
0.001820879357672487
0.001647630338000433
0.001455497720609514
0.001247659948202233
0.001027501521187466
0.000798558167775313
0.000564456869318888
0.000328850943802553
0.000095350796294929
-0.000132548557898563
-0.000351541540348978
-0.000558585413079559
-0.000750970321433197
-0.000926382874062991
-0.001082959956936823
-0.001219329520995443
-0.001334635415386995
-0.001428543984040296
-0.001501231097542007
-0.001553349514814434
-0.001585977882412735
-0.001600554169743981
-0.001598797762730429
-0.001582625634666498
-0.001554068817517421
-0.001515195663857702
-0.001468048012679565
-0.001414595304936291
-0.001356709966569817
-0.001296165102551355
-0.001234652923669534
-0.001173819628095717
-0.001115309998397787
-0.001060813079799396
-0.001012099275659390
-0.000971039257205104
-0.000939596350719980
-0.000919786510951173
-0.000913603436465694
-0.000922910508052244
-0.000949305595147646
-0.000993968867808703
-0.001057507053971085
-0.001139809632674576
-0.001239932914994236
-0.001356026671453501
-0.001485314959618488
-0.001624138341762268
-0.001768059201956103
-0.001912025956241377
-0.002050586250388609
-0.002178134398576898
-0.002289174883623072
-0.002378582105163654
-0.002441836907142227
-0.002475222690052405
-0.002475967844600289
-0.002442326374931909
-0.002373594329678998
-0.002270065395465679
-0.002132934124913065
-0.001964159262297776
-0.001766302140651015
-0.001542355985927746
-0.001295581202289305
-0.001029359529905037
-0.000747076705373061
-0.000452039346281853
-0.000147427688793199
0.000163718030189680
0.000478482968279477
0.000794042598444186
0.001107616200961025
0.001416418222880789
0.001717616098391763
0.002008301645400258
0.002285481134757225
0.002546086825903398
0.002787010425822183
0.003005156774381848
0.003197514256419913
0.003361237099322157
0.003493733885825473
0.003592756294175649
0.003656482228497451
