0.001607113859596216
0.001590389609829532
0.001552127133081739
0.001493060088270091
0.001414362406848512
0.001317630796660467
0.001204853860084502
0.001078366961341445
0.000940792570623947
0.000794966649457219
0.000643852688682921
0.000490446199057975
0.000337673681855315
0.000188291241265939
0.000044788891395603
-0.000090692895688073
-0.000216427896376410
-0.000331144271079329
-0.000434035664083435
-0.000524740814498990
-0.000603291773228742
-0.000670033706141579
-0.000725522213102909
-0.000770406783247564
-0.000805311100064212
-0.000830722092591573
-0.000846899658754655
-0.000853817732343989
-0.000851144837431458
-0.000838268641685096
-0.000814364604299142
-0.000778504062420234
-0.000729792538775751
-0.000667525226800139
-0.000591344009557276
-0.000501379366361562
-0.000398361310830053
-0.000283686069024843
-0.000159429309686832
-0.000028301946277306
0.000106449738385192
0.000241192295371133
0.000372089470834565
0.000495307064965258
0.000607220853905394
0.000704610250725608
0.000784822312874645
0.000845894168789031
0.000886626471434166
0.000906605516712950
0.000906176584526939
0.000886375314480575
0.000848827081248736
0.000795626119888505
0.000729206493773404
0.000652216008168636
0.000567402116502247
0.000477516114984279
0.000385238890514113
0.000293128577968600
0.000203588030439433
0.000118848240930624
0.000040962886497335
-0.000028191013717674
-0.000086910837561816
-0.000133668014829954
-0.000167111847774186
-0.000186078418700888
-0.000189604306636930
-0.000176943900578525
-0.000147588502679772
-0.000101285175297613
-0.000038053363877728
0.000041802350490824
0.000137684542007330
0.000248700917930015
0.000373668122115827
0.000511121084801631
0.000659327341452672
0.000816305576471208
0.000979847600356126
0.001147543016933276
0.001316805949605911
0.001484903341756144
0.001648984501569397
0.001806111709088372
0.001953291835339164
0.002087509038955677
0.002205758707645563
0.002305082902793808
0.002382607644500179
0.002435582434116548
0.002461422437295650
0.002457753721660607
0.002422461834804699
0.002353743796600144
0.002250163247231620
0.002110708033592822
0.001934848943565735
0.001722597642884324
0.001474561187192555
0.001191989846624565
0.000876814479936081
0.000531669423303605
0.000159896902534914
-0.000234470595448022
-0.000646752709457327
-0.001071689807824881
-0.001503537653112406
-0.001936186109733071
-0.002363297921635116
-0.002778461728347374
-0.003175351929577625
-0.003547886948845649
-0.003890377050708059
-0.004197653242933239
-0.004465169977321946
-0.004689076295359159
-0.004866252602031664
-0.004994313166793041
-0.005071577458610316
-0.005097016206020387
-0.005070180322857450
-0.004991122289142758
-0.004860320036056618
-0.004678612770080418
-0.004447156519736495
-0.004167404653937312
-0.003841115464001778
-0.003470385459345475
-0.003057703676309410
-0.002606019412815106
-0.002118813702931048
-0.001600163773562180
-0.001054789805272503
-0.000488074547931540
0.000093951409974926
0.000684662891968764
0.001276932592855250
0.001863259859765287
0.002435929611148343
0.002987192522970488
0.003509455792439167
0.003995472997544751
0.004438521851668057
0.004832559939160218
0.005172350641484106
0.005453554176824686
0.005672781683140919
0.005827613265076812
0.005916583607905150
0.005939140894778013
0.005895586176822523
0.005787000954125355
0.005615170533028533
0.005382509816997370
0.005091996717070286
0.004747116531569049
0.004351818662255656
0.003910485120348851
0.003427908619205132
0.002909276795548970
0.002360158337469710
0.001786486555691167
0.001194536189680625
0.000590889919725474
-0.000017607946207500
-0.000623911951482444
-0.001220850221785592
-0.001801212334295762
-0.002357848163710728
-0.002883774718728727
-0.003372287419614651
-0.003817071977055438
-0.004212313000096011
-0.004552795653394077
-0.004833997056836120
-0.005052164624983599
-0.005204379132915661
-0.005288600927948312
-0.005303698350978056
-0.005249458063040573
-0.005126577575663871
-0.004936640846162679
-0.004682078311565950
-0.004366113187070164
-0.003992696233903048
-0.003566431491292576
-0.003092495649683969
-0.002576553799335122
-0.002024674205264139
-0.001443244528759417
-0.000838891540650063
-0.000218405869058651
0.000411327274361530
0.001043391096093384
0.001670894304136714
0.002287023211932447
0.002885090266716428
0.003458580702736525
0.004001199114835405
0.004506917628938802
0.004970027023156551
0.005385191658510791
0.005747508461662342
0.006052569524654434
0.006296527213120991
0.006476160064078270
0.006588937254823125
0.006633079066715738
0.006607610565412852
0.006512405671078205
0.006348218886955215
0.006116702177856733
0.005820404829992435
0.005462754575701944
0.005048018834613207
0.004581245614594703
0.004068184437157074
0.003515188596191801
0.002929101098012198
0.002317127707843402
0.001686701555851737
0.001045344621400155
0.000400531990735647
-0.000240435051263191
-0.000870541375661828
-0.001483150985044814
-0.002072077213352768
-0.002631628622353845
-0.003156631210583166
-0.003642429744476331
-0.004084873009940835
-0.004480289311767688
-0.004825459402583884
-0.005117594059192621
-0.005354322696200546
-0.005533697778242213
-0.005654217532151916
-0.005714866825031817
-0.005715173373697165
-0.005655274009693132
-0.005535983837226300
-0.005358860016384239
-0.005126251711516389
-0.004841328483068686
-0.004508080977157637
-0.004131289990942980
-0.003716462604703390
-0.003269736781065644
-0.002797758349664361
-0.002307536371823384
-0.001806284330700377
-0.001301255316317587
-0.000799579358033845
-0.000308110366259377
0.000166711087333852
0.000618974521086907
0.001043392968692437
0.001435371979610560
0.001791054678386934
0.002107344652953137
0.002381909358957487
0.002613167251236289
0.002800262005253414
0.002943027026190411
0.003041943040021416
0.003098091008793293
0.003113102000229336
0.003089105048510279
0.003028673531095480
0.002934770198403195
0.002810690751429853
0.002660005770744762
0.002486500847249203
0.002294114927904195
0.002086877138420751
0.001868842646208701
0.001644028446378933
0.001416350257912133
0.001189561974799063
0.000967199299017886
0.000752529262547982
0.000548507301865266
0.000357743363450019
0.000182478183377766
0.000024570399497242
-0.000114505463255448
-0.000233650812128834
-0.000332126054518892
-0.000409527102328106
-0.000465758135207455
-0.000501003877037490
-0.000515704777426884
-0.000510538257382509
-0.000486408530643354
-0.000444446448946224
-0.000386019395142278
-0.000312749576601797
-0.000226537322800269
-0.000129584378770786
-0.000024410945035498
0.000086140428518935
0.000198920847400550
0.000310516695068176
0.000417320657524301
0.000515633208571817
0.000601792329106407
0.000672325724060223
0.000724116472152035
0.000754570325187229
0.000761771160755390
0.000744610689878961
0.000702879594808410
0.000637309813807349
0.000549561506824439
0.000442152965068204
0.000318336873328827
0.000181931328110532
0.000037118287558421
-0.000111774816220278
-0.000260493094045649
-0.000405054908568204
-0.000541920321199620
-0.000668115777737988
-0.000781308048269186
-0.000879825485640102
-0.000962629676931713
-0.001029244988824882
-0.001079656899421933
-0.001114192059885565
-0.001133393607410094
-0.001137904403739282
-0.001128368807942541
-0.001105360637623060
-0.001069341529653143
-0.001020650396647291
-0.000959521469970547
-0.000886125828242912
-0.000800629531704695
-0.000703260601817454
-0.000594377076074167
-0.000474529111796885
-0.000344509425875767
-0.000205388021708459
-0.000058528947897496
0.000094411444335949
0.000251503785061342
0.000410580393496144
0.000569282521702127
0.000725116862127777
0.000875518008523896
0.001017913795874095
0.001149790868688959
0.001268758347447877
0.001372607995735400
0.001459369765434714
0.001527361962943390
0.001575235505856611
0.001602011818642912
